LengthSchedulingHorizon=14695;
nAttributes=2;
SetupCosts=[[0, 0], [4, 23], [22, 8]];
SetupTimes=[[0, 0], [9, 21], [18, 7]];
nMachines=5;
MinCap=[0, 0, 0, 0, 0];
MaxCap=[20, 20, 20, 20, 20];

initState=[1, 1, 2, 1, 1];
nShifts=5;
ShiftStartTimes = [[0, 8950, 9862, 10318, 12267], [0, 5748, 10995, 13339, 14086], [10374, 10523, 11145, 11846, 13020], [0, 604, 10310, 12077, 12149], [0, 3379, 4229, 9658, 10573]];
ShiftEndTimes = [[0, 9751, 10303, 12007, 12954], [0, 8498, 12378, 13659, 14485], [10505, 10991, 11506, 12653, 14403], [0, 5889, 11330, 12138, 14232], [0, 4194, 6896, 10027, 14470]];
nJobs=50;
EligibleMachines = [{1, 2}, {2, 5}, {3, 5}, {2}, {1, 2}, {2, 4}, {1, 2, 3}, {1}, {1, 2, 3, 4, 5}, {2, 4}, {1, 2}, {4, 5}, {1}, {1, 4}, {5}, {2}, {1, 3, 4}, {2}, {1, 2, 4, 5}, {1}, {4}, {3}, {3}, {4, 5}, {1, 3}, {1, 3, 5}, {1, 2, 5}, {2, 5}, {1}, {4}, {1}, {2, 4}, {5}, {2}, {1, 4}, {1, 2}, {3}, {3, 4, 5}, {1, 2, 3}, {2}, {2, 5}, {1, 3, 4}, {1, 2, 3, 4, 5}, {2, 3, 5}, {4}, {4, 5}, {2, 4}, {1, 3, 4}, {5}, {1}];
EarliestStart=[85, 246, 143, 133, 94, 4, 43, 162, 90, 183, 104, 159, 72, 25, 73, 84, 181, 237, 3, 121, 15, 81, 141, 93, 240, 150, 247, 246, 211, 132, 239, 58, 123, 246, 86, 180, 94, 72, 46, 29, 166, 27, 142, 52, 47, 21, 76, 220, 212, 118];
LatestEnd=[112, 286, 210, 264, 122, 113, 91, 252, 95, 202, 183, 203, 158, 76, 209, 217, 284, 282, 156, 150, 28, 224, 258, 164, 325, 186, 316, 373, 295, 224, 303, 86, 153, 371, 244, 225, 145, 195, 87, 106, 243, 64, 154, 58, 185, 166, 256, 247, 300, 170];
MinTime=[23, 38, 63, 75, 15, 83, 39, 59, 4, 14, 58, 43, 56, 29, 91, 73, 79, 34, 91, 20, 12, 93, 74, 61, 72, 36, 52, 68, 59, 53, 61, 25, 18, 82, 80, 38, 30, 86, 21, 42, 47, 28, 9, 4, 97, 76, 96, 20, 87, 48];
MaxTime=[95, 92, 70, 75, 83, 98, 51, 85, 95, 32, 99, 68, 71, 38, 93, 77, 96, 38, 95, 98, 45, 100, 79, 83, 86, 45, 83, 90, 89, 71, 86, 79, 82, 97, 93, 72, 32, 93, 82, 99, 67, 35, 85, 99, 98, 88, 99, 37, 97, 56];
JobSize=[14, 18, 1, 2, 19, 9, 3, 9, 13, 19, 16, 5, 10, 3, 2, 9, 12, 12, 2, 10, 19, 8, 11, 15, 1, 8, 5, 4, 1, 17, 7, 13, 10, 11, 9, 8, 1, 2, 12, 10, 16, 7, 11, 2, 8, 10, 5, 2, 4, 18];
Attribute=[2, 2, 1, 2, 2, 1, 2, 2, 1, 1, 1, 1, 1, 1, 1, 1, 2, 2, 2, 1, 2, 2, 1, 2, 2, 1, 1, 2, 1, 1, 2, 2, 2, 1, 2, 2, 2, 2, 1, 1, 2, 2, 2, 2, 1, 2, 1, 1, 2, 1];

upper_bound_integer_objective=6279000;
mult_factor_total_runtime=966;
mult_factor_finished_toolate=50232;
mult_factor_total_setuptimes=0;
mult_factor_total_setupcosts=1092;
running_time_bound=2562;
min_duration=4;
max_duration=97;
max_setup_time=21;
max_setup_cost=23;
