LengthSchedulingHorizon=65254;
nAttributes=2;
SetupCosts=[[0, 0], [0, 23], [2, 19]];
SetupTimes=[[0, 0], [3, 12], [1, 13]];
nMachines=2;
MinCap=[0, 0];
MaxCap=[20, 20];

initState=[2, 1];
nShifts=2;
ShiftStartTimes = [[48186, 59503], [0, 28349]];
ShiftEndTimes = [[58398, 63531], [0, 52638]];
nJobs=250;
EligibleMachines = [{1}, {2}, {2}, {1, 2}, {2}, {2}, {1, 2}, {1}, {2}, {1}, {2}, {1}, {1}, {2}, {1, 2}, {1}, {1}, {1, 2}, {2}, {2}, {1, 2}, {2}, {2}, {1}, {2}, {2}, {1}, {1, 2}, {1}, {1, 2}, {2}, {1}, {1, 2}, {1}, {1}, {2}, {1}, {1}, {1}, {1}, {1, 2}, {1, 2}, {2}, {2}, {2}, {2}, {2}, {1}, {1}, {1}, {2}, {1, 2}, {2}, {2}, {1}, {2}, {1}, {2}, {1, 2}, {2}, {2}, {2}, {2}, {1}, {2}, {1}, {1, 2}, {1, 2}, {1}, {2}, {2}, {2}, {2}, {2}, {1}, {2}, {1, 2}, {1}, {2}, {1, 2}, {2}, {2}, {1}, {2}, {1}, {1}, {2}, {1}, {1}, {1}, {2}, {2}, {1}, {1}, {1, 2}, {1, 2}, {2}, {1}, {1, 2}, {2}, {1}, {1}, {1, 2}, {2}, {1, 2}, {1}, {2}, {2}, {1, 2}, {1}, {1, 2}, {1}, {1}, {2}, {1}, {1}, {2}, {2}, {2}, {2}, {1}, {1}, {2}, {2}, {1, 2}, {1}, {1, 2}, {1, 2}, {2}, {1}, {1}, {1, 2}, {2}, {1, 2}, {2}, {1}, {1}, {2}, {1}, {2}, {1}, {2}, {1}, {1}, {2}, {1}, {2}, {2}, {2}, {1, 2}, {1}, {2}, {1}, {2}, {1, 2}, {2}, {1, 2}, {1}, {2}, {1}, {1, 2}, {2}, {1}, {1}, {1}, {1, 2}, {1}, {1}, {1}, {2}, {1}, {2}, {2}, {2}, {1}, {1, 2}, {2}, {1}, {1}, {2}, {2}, {1}, {2}, {2}, {1, 2}, {2}, {1, 2}, {1, 2}, {1}, {2}, {1}, {2}, {2}, {2}, {1}, {1}, {1}, {1}, {1, 2}, {2}, {1}, {1}, {1}, {2}, {2}, {1, 2}, {1}, {2}, {1}, {2}, {1}, {1, 2}, {1}, {2}, {1, 2}, {2}, {2}, {2}, {2}, {1}, {2}, {2}, {2}, {1}, {1}, {1, 2}, {1}, {2}, {2}, {1, 2}, {1, 2}, {2}, {2}, {1, 2}, {1}, {1}, {1}, {1, 2}, {1, 2}, {1, 2}, {1, 2}, {1, 2}, {1}, {2}, {2}, {1, 2}, {1}, {1}, {1, 2}, {2}];
EarliestStart=[980, 1180, 909, 222, 482, 732, 170, 748, 920, 148, 1165, 260, 1196, 703, 1245, 548, 33, 860, 738, 259, 919, 971, 125, 379, 749, 1078, 1219, 1012, 1126, 152, 439, 232, 410, 809, 204, 79, 701, 946, 968, 1251, 781, 445, 410, 432, 570, 1022, 1120, 1087, 539, 1183, 480, 416, 573, 593, 303, 8, 1055, 529, 748, 679, 788, 434, 897, 767, 984, 933, 1125, 387, 498, 1166, 1122, 363, 1168, 762, 754, 474, 560, 968, 1085, 1003, 1234, 132, 472, 1219, 948, 23, 934, 1093, 505, 195, 300, 171, 198, 288, 462, 347, 823, 918, 724, 913, 1172, 732, 588, 648, 60, 117, 524, 1086, 1114, 1104, 724, 86, 720, 1021, 721, 655, 1237, 954, 1095, 960, 1274, 31, 1157, 303, 865, 951, 164, 879, 299, 407, 927, 917, 244, 171, 1106, 501, 820, 1099, 1158, 831, 775, 1124, 1255, 677, 747, 214, 727, 453, 843, 1083, 385, 1144, 1099, 1039, 914, 1141, 851, 284, 1059, 384, 1228, 920, 786, 707, 177, 1082, 1117, 548, 1190, 219, 1111, 137, 1071, 263, 185, 150, 52, 480, 832, 651, 224, 987, 36, 492, 21, 1058, 1094, 481, 533, 1241, 925, 535, 40, 774, 879, 1130, 337, 547, 499, 940, 373, 178, 538, 623, 1248, 248, 72, 836, 853, 764, 1088, 371, 728, 407, 160, 240, 883, 294, 685, 395, 1264, 635, 15, 1225, 569, 575, 96, 297, 660, 330, 1089, 780, 1256, 1167, 278, 45, 449, 689, 520, 1049, 985, 257, 903, 1044, 152, 554, 1083, 909, 613, 638];
LatestEnd=[1009, 1227, 951, 390, 518, 806, 234, 870, 1009, 206, 1213, 389, 1343, 730, 1260, 663, 90, 948, 794, 396, 1006, 1111, 221, 458, 866, 1108, 1229, 1062, 1145, 166, 486, 306, 429, 824, 229, 137, 855, 1007, 1051, 1365, 879, 525, 513, 463, 621, 1032, 1126, 1172, 543, 1262, 576, 531, 636, 741, 375, 102, 1126, 639, 821, 773, 906, 553, 956, 860, 1005, 1083, 1183, 477, 509, 1271, 1155, 455, 1183, 774, 868, 530, 572, 988, 1245, 1007, 1383, 159, 602, 1287, 981, 51, 1075, 1201, 551, 220, 398, 214, 364, 299, 597, 477, 874, 958, 839, 942, 1202, 862, 605, 736, 132, 197, 600, 1249, 1117, 1187, 785, 225, 746, 1135, 722, 776, 1353, 962, 1192, 1101, 1356, 54, 1223, 429, 912, 1066, 308, 1018, 373, 511, 988, 1073, 301, 305, 1174, 673, 896, 1119, 1235, 946, 947, 1163, 1309, 710, 858, 312, 819, 488, 926, 1121, 563, 1164, 1236, 1059, 1011, 1308, 958, 316, 1166, 447, 1262, 956, 879, 719, 301, 1235, 1130, 581, 1315, 288, 1139, 262, 1175, 270, 202, 234, 74, 617, 893, 673, 239, 1044, 173, 515, 47, 1101, 1125, 607, 629, 1313, 926, 675, 95, 875, 944, 1257, 420, 554, 611, 960, 435, 323, 615, 687, 1329, 309, 133, 983, 901, 796, 1115, 444, 813, 531, 179, 250, 918, 355, 744, 449, 1301, 662, 108, 1317, 679, 747, 211, 386, 687, 382, 1206, 931, 1391, 1324, 409, 140, 475, 785, 559, 1151, 1148, 397, 979, 1203, 240, 555, 1128, 958, 614, 716];
MinTime=[26, 38, 23, 94, 23, 41, 34, 63, 79, 56, 48, 74, 97, 14, 9, 82, 36, 45, 30, 80, 63, 93, 96, 40, 70, 17, 6, 38, 17, 12, 28, 62, 10, 13, 16, 55, 96, 48, 79, 87, 61, 78, 77, 29, 49, 8, 4, 55, 4, 60, 60, 96, 41, 82, 64, 77, 69, 62, 70, 53, 78, 100, 30, 61, 19, 79, 45, 65, 8, 73, 22, 60, 14, 7, 96, 47, 10, 12, 93, 3, 94, 14, 77, 68, 24, 19, 76, 84, 30, 13, 74, 43, 86, 6, 87, 76, 44, 30, 84, 16, 29, 92, 12, 81, 71, 41, 57, 88, 2, 47, 56, 85, 18, 81, 1, 98, 92, 5, 53, 78, 43, 21, 54, 82, 25, 77, 82, 98, 52, 85, 43, 80, 34, 95, 64, 96, 48, 11, 57, 77, 100, 39, 29, 21, 63, 87, 55, 21, 47, 23, 96, 11, 85, 12, 52, 96, 86, 32, 79, 36, 18, 35, 63, 7, 64, 84, 7, 33, 96, 36, 28, 78, 58, 5, 15, 48, 21, 98, 49, 13, 10, 35, 84, 16, 25, 42, 25, 67, 88, 54, 1, 87, 38, 80, 64, 67, 52, 5, 89, 12, 50, 74, 43, 63, 63, 42, 47, 80, 25, 29, 16, 61, 51, 64, 18, 8, 29, 49, 35, 37, 35, 17, 62, 48, 77, 94, 83, 47, 20, 48, 70, 82, 95, 81, 66, 67, 20, 53, 21, 60, 99, 92, 56, 94, 46, 1, 41, 36, 1, 67];
MaxTime=[93, 43, 54, 98, 93, 69, 74, 94, 95, 60, 85, 96, 97, 54, 94, 88, 91, 58, 40, 97, 87, 98, 99, 46, 99, 81, 17, 72, 63, 31, 61, 73, 15, 54, 48, 84, 99, 91, 79, 90, 61, 81, 77, 45, 95, 77, 59, 62, 65, 96, 97, 97, 73, 88, 84, 79, 97, 71, 84, 55, 98, 100, 86, 76, 45, 82, 99, 89, 50, 79, 98, 97, 97, 21, 97, 76, 59, 74, 98, 62, 97, 41, 91, 91, 95, 38, 83, 97, 34, 42, 86, 94, 89, 92, 100, 85, 50, 85, 88, 60, 54, 92, 32, 96, 80, 92, 87, 94, 26, 75, 90, 89, 84, 93, 6, 98, 97, 41, 72, 92, 57, 65, 96, 96, 86, 91, 93, 99, 82, 89, 52, 93, 59, 100, 82, 99, 92, 37, 69, 83, 100, 51, 57, 44, 83, 99, 76, 41, 77, 34, 100, 78, 87, 99, 85, 97, 94, 57, 92, 97, 72, 42, 64, 7, 95, 84, 64, 43, 99, 44, 44, 99, 85, 99, 87, 93, 43, 98, 49, 82, 19, 78, 100, 36, 37, 50, 41, 99, 93, 100, 9, 98, 99, 96, 65, 99, 79, 21, 90, 67, 90, 100, 61, 100, 63, 47, 54, 80, 67, 91, 47, 69, 74, 89, 58, 78, 94, 59, 93, 40, 88, 68, 84, 67, 77, 96, 87, 53, 62, 99, 99, 84, 98, 92, 86, 79, 39, 69, 100, 98, 99, 93, 89, 94, 65, 82, 64, 62, 3, 99];
JobSize=[17, 7, 4, 16, 8, 15, 18, 2, 4, 5, 19, 2, 9, 14, 10, 16, 11, 6, 19, 15, 6, 17, 15, 1, 4, 11, 17, 8, 13, 4, 9, 6, 17, 12, 13, 18, 19, 3, 6, 12, 1, 3, 15, 15, 9, 10, 11, 19, 17, 6, 15, 11, 8, 17, 9, 5, 1, 14, 5, 19, 14, 7, 13, 6, 20, 2, 5, 7, 19, 14, 13, 14, 20, 18, 12, 18, 3, 8, 14, 7, 19, 3, 17, 4, 12, 1, 17, 9, 14, 7, 11, 19, 15, 18, 19, 12, 17, 17, 12, 8, 7, 8, 12, 15, 9, 20, 1, 17, 16, 15, 14, 1, 4, 18, 20, 9, 19, 11, 16, 10, 17, 6, 13, 8, 20, 10, 17, 10, 2, 19, 18, 2, 19, 11, 9, 2, 3, 13, 19, 3, 19, 3, 14, 13, 18, 9, 4, 15, 1, 18, 13, 7, 20, 16, 17, 7, 16, 15, 1, 17, 5, 15, 9, 16, 6, 5, 19, 14, 4, 16, 11, 16, 11, 7, 8, 20, 7, 11, 2, 11, 4, 7, 19, 12, 20, 4, 8, 10, 4, 9, 14, 13, 8, 2, 5, 17, 9, 20, 12, 12, 16, 13, 3, 20, 2, 6, 18, 20, 20, 5, 2, 3, 10, 2, 3, 14, 16, 11, 5, 19, 7, 18, 13, 17, 5, 5, 12, 19, 1, 10, 12, 20, 14, 9, 4, 10, 15, 1, 7, 7, 20, 11, 15, 10, 6, 15, 3, 6, 20, 20];
Attribute=[2, 1, 2, 1, 1, 1, 2, 2, 2, 2, 2, 2, 1, 2, 2, 1, 1, 2, 1, 2, 1, 2, 1, 1, 2, 1, 2, 2, 2, 1, 1, 1, 2, 2, 1, 2, 1, 1, 2, 2, 2, 2, 2, 2, 2, 2, 2, 1, 1, 2, 2, 1, 1, 1, 1, 2, 1, 2, 2, 1, 2, 1, 1, 2, 1, 2, 1, 2, 2, 1, 1, 2, 1, 1, 1, 2, 1, 2, 2, 2, 1, 2, 2, 2, 1, 2, 1, 1, 2, 2, 2, 2, 1, 1, 2, 1, 1, 1, 1, 2, 1, 2, 2, 2, 2, 1, 1, 1, 2, 1, 2, 1, 2, 2, 2, 1, 2, 2, 2, 1, 2, 2, 1, 2, 2, 1, 1, 2, 1, 1, 1, 1, 2, 2, 1, 2, 2, 1, 1, 1, 2, 2, 2, 1, 1, 2, 2, 2, 1, 2, 1, 2, 2, 1, 1, 2, 1, 1, 2, 2, 2, 2, 2, 2, 2, 1, 2, 1, 2, 1, 2, 2, 2, 2, 2, 2, 1, 1, 1, 2, 2, 2, 2, 1, 1, 2, 1, 2, 1, 2, 2, 2, 2, 2, 1, 2, 2, 2, 1, 1, 2, 2, 1, 1, 2, 1, 2, 2, 2, 1, 2, 1, 2, 2, 1, 2, 2, 1, 1, 2, 1, 2, 1, 1, 2, 2, 1, 1, 2, 1, 1, 1, 1, 1, 1, 2, 1, 2, 2, 1, 1, 2, 1, 1, 1, 1, 1, 1, 1, 2];

upper_bound_integer_objective=400286250;
mult_factor_total_runtime=1196;
mult_factor_finished_toolate=1524900;
mult_factor_total_setuptimes=0;
mult_factor_total_setupcosts=663;
running_time_bound=12745;
min_duration=1;
max_duration=100;
max_setup_time=13;
max_setup_cost=23;
