LengthSchedulingHorizon=68826;
nAttributes=2;
SetupCosts=[[0, 0], [3, 4], [4, 16]];
SetupTimes=[[0, 0], [8, 12], [12, 1]];
nMachines=2;
MinCap=[0, 0];
MaxCap=[20, 20];

initState=[1, 1];
nShifts=5;
ShiftStartTimes = [[0, 0, 0, 0, 14156], [47948, 49313, 56339, 58206, 58639]];
ShiftEndTimes = [[0, 0, 0, 0, 66489], [48667, 53016, 57106, 58435, 64203]];
nJobs=250;
EligibleMachines = [{1, 2}, {1}, {1, 2}, {2}, {1, 2}, {1}, {1, 2}, {2}, {2}, {1, 2}, {1, 2}, {1}, {2}, {1}, {1}, {2}, {1}, {1}, {2}, {1}, {1, 2}, {1}, {1}, {2}, {2}, {1, 2}, {1, 2}, {1}, {2}, {2}, {2}, {2}, {1}, {2}, {1, 2}, {1}, {1}, {1}, {2}, {1}, {2}, {1, 2}, {2}, {1, 2}, {1, 2}, {1}, {1}, {2}, {2}, {1}, {2}, {2}, {1}, {1}, {1}, {2}, {1, 2}, {2}, {1}, {1}, {2}, {2}, {2}, {1}, {1}, {2}, {2}, {2}, {1}, {2}, {1}, {1}, {2}, {1, 2}, {2}, {1}, {1}, {1}, {2}, {2}, {2}, {1}, {1}, {2}, {1}, {1}, {2}, {1}, {1}, {2}, {2}, {1, 2}, {1}, {1, 2}, {1, 2}, {1}, {2}, {2}, {2}, {1}, {2}, {1}, {1, 2}, {1}, {2}, {2}, {2}, {2}, {2}, {2}, {2}, {2}, {2}, {2}, {1}, {2}, {1}, {1, 2}, {2}, {2}, {2}, {2}, {1}, {1}, {1}, {2}, {2}, {2}, {1}, {1}, {1, 2}, {2}, {1, 2}, {1}, {2}, {1, 2}, {1, 2}, {1, 2}, {2}, {2}, {1}, {2}, {1, 2}, {1}, {2}, {2}, {2}, {2}, {2}, {1}, {1, 2}, {1}, {2}, {1}, {2}, {1}, {2}, {1}, {2}, {2}, {1}, {1}, {1}, {1}, {1}, {2}, {2}, {2}, {1}, {1}, {2}, {1, 2}, {1, 2}, {1}, {2}, {2}, {1, 2}, {1}, {1}, {2}, {1}, {1, 2}, {2}, {1}, {1}, {1}, {1}, {2}, {1}, {2}, {1}, {1}, {2}, {1}, {1, 2}, {2}, {1, 2}, {1}, {1}, {1}, {1, 2}, {2}, {1}, {2}, {1}, {1, 2}, {2}, {2}, {1, 2}, {1}, {2}, {1}, {1, 2}, {1}, {1}, {1}, {1, 2}, {1, 2}, {2}, {1, 2}, {1}, {2}, {1, 2}, {1, 2}, {1}, {1}, {1}, {1, 2}, {1}, {2}, {1, 2}, {1, 2}, {2}, {2}, {1, 2}, {1, 2}, {1, 2}, {1}, {1}, {1}, {2}, {1}, {2}, {1}, {1, 2}, {2}, {2}, {2}, {2}, {1, 2}];
EarliestStart=[1041, 197, 1113, 211, 910, 1345, 1174, 533, 90, 1386, 951, 685, 1333, 85, 136, 517, 593, 407, 1295, 926, 1180, 818, 408, 252, 904, 1382, 1078, 758, 959, 832, 17, 34, 226, 232, 33, 624, 513, 349, 1344, 1311, 938, 87, 1223, 621, 266, 137, 936, 57, 1094, 1370, 1346, 1286, 255, 7, 459, 5, 728, 75, 528, 219, 594, 436, 181, 819, 584, 695, 1101, 1049, 691, 988, 1101, 962, 130, 1067, 444, 1298, 1281, 930, 525, 1070, 959, 901, 1218, 1069, 639, 1361, 269, 22, 216, 50, 200, 67, 1212, 201, 1086, 797, 449, 662, 455, 57, 678, 169, 846, 405, 1040, 301, 585, 964, 1082, 638, 18, 123, 1208, 372, 1196, 636, 378, 1089, 765, 1249, 184, 644, 796, 53, 1353, 471, 185, 256, 40, 384, 1167, 904, 811, 690, 92, 1131, 178, 1219, 465, 838, 319, 1335, 877, 655, 28, 423, 634, 914, 137, 384, 1081, 139, 1293, 835, 741, 1147, 31, 1200, 356, 351, 1072, 146, 738, 829, 1119, 1195, 356, 160, 667, 438, 996, 1334, 379, 0, 1299, 90, 1128, 1043, 546, 296, 413, 1089, 953, 7, 1254, 943, 637, 243, 138, 204, 930, 8, 112, 258, 97, 867, 1229, 696, 96, 150, 773, 403, 1296, 1061, 154, 277, 1035, 767, 269, 665, 1026, 966, 470, 671, 876, 972, 732, 1069, 1073, 116, 581, 609, 664, 72, 471, 435, 992, 1135, 519, 1006, 222, 966, 979, 879, 70, 220, 729, 871, 548, 349, 253, 370, 208, 770, 1157, 557, 582, 476, 129, 225];
LatestEnd=[1160, 238, 1155, 251, 995, 1515, 1198, 554, 209, 1525, 990, 693, 1415, 205, 186, 623, 742, 506, 1410, 1032, 1284, 917, 453, 305, 993, 1445, 1184, 832, 1007, 862, 170, 166, 333, 363, 157, 732, 586, 526, 1370, 1439, 1030, 126, 1341, 626, 428, 138, 946, 145, 1107, 1392, 1415, 1392, 365, 10, 473, 17, 770, 211, 552, 266, 704, 496, 192, 916, 696, 748, 1188, 1102, 805, 1140, 1172, 1008, 192, 1072, 544, 1359, 1370, 1098, 536, 1240, 1017, 939, 1225, 1219, 715, 1512, 407, 172, 242, 159, 285, 126, 1252, 210, 1121, 873, 472, 807, 513, 153, 819, 261, 932, 500, 1054, 371, 745, 1055, 1243, 755, 33, 251, 1335, 525, 1264, 734, 540, 1209, 938, 1260, 218, 717, 951, 174, 1390, 545, 222, 347, 204, 519, 1238, 931, 945, 764, 173, 1257, 218, 1333, 642, 875, 404, 1465, 952, 743, 140, 522, 708, 982, 143, 460, 1097, 270, 1420, 884, 767, 1233, 43, 1230, 406, 385, 1202, 227, 883, 910, 1167, 1304, 436, 202, 728, 473, 1168, 1460, 472, 9, 1380, 205, 1165, 1063, 736, 400, 485, 1218, 1075, 98, 1378, 1062, 711, 370, 240, 342, 969, 154, 166, 414, 199, 938, 1267, 805, 171, 211, 799, 460, 1316, 1076, 218, 312, 1138, 815, 373, 681, 1103, 1057, 569, 704, 940, 1051, 866, 1183, 1266, 129, 587, 769, 790, 148, 581, 532, 1086, 1262, 578, 1086, 331, 1085, 980, 1016, 165, 302, 859, 874, 651, 431, 373, 441, 260, 846, 1309, 627, 680, 535, 143, 376];
MinTime=[100, 29, 30, 38, 66, 88, 13, 17, 83, 94, 26, 5, 79, 94, 29, 81, 93, 53, 89, 90, 59, 68, 29, 44, 64, 38, 97, 70, 37, 17, 88, 84, 70, 88, 72, 67, 41, 97, 18, 84, 88, 21, 74, 5, 84, 1, 6, 76, 9, 16, 69, 65, 56, 2, 11, 12, 35, 76, 18, 32, 56, 56, 11, 78, 57, 45, 58, 47, 61, 95, 46, 42, 46, 3, 97, 35, 57, 97, 9, 91, 45, 30, 7, 88, 50, 85, 93, 81, 26, 59, 44, 37, 39, 7, 30, 43, 22, 92, 57, 91, 86, 48, 83, 50, 11, 45, 92, 49, 87, 92, 10, 67, 77, 99, 50, 76, 97, 72, 100, 6, 19, 66, 92, 62, 33, 47, 30, 69, 95, 69, 56, 21, 88, 63, 65, 68, 35, 88, 96, 28, 45, 79, 39, 47, 65, 78, 43, 35, 4, 72, 12, 90, 79, 46, 14, 68, 12, 16, 28, 31, 94, 51, 91, 61, 34, 81, 60, 24, 46, 30, 93, 99, 68, 6, 41, 94, 27, 12, 98, 82, 39, 82, 78, 58, 69, 97, 74, 69, 72, 91, 34, 75, 33, 84, 62, 45, 32, 57, 43, 35, 20, 56, 12, 10, 61, 23, 70, 28, 72, 14, 62, 63, 65, 21, 57, 48, 96, 70, 98, 9, 4, 95, 77, 57, 69, 95, 77, 68, 31, 53, 88, 88, 1, 92, 50, 82, 82, 3, 60, 42, 97, 39, 47, 39, 90, 48, 79, 55, 10, 78];
MaxTime=[100, 96, 60, 59, 67, 97, 71, 78, 90, 99, 28, 45, 95, 96, 92, 96, 95, 97, 92, 100, 68, 74, 40, 76, 93, 39, 99, 95, 38, 58, 99, 92, 70, 89, 93, 88, 81, 100, 71, 96, 90, 82, 89, 11, 88, 12, 67, 77, 19, 71, 100, 89, 85, 60, 74, 83, 37, 86, 24, 73, 62, 81, 95, 81, 90, 63, 64, 94, 83, 100, 96, 100, 67, 81, 99, 62, 62, 97, 20, 92, 64, 34, 33, 90, 67, 97, 95, 95, 31, 78, 53, 53, 76, 70, 36, 73, 59, 99, 99, 96, 91, 87, 84, 69, 89, 99, 100, 60, 91, 98, 45, 83, 85, 100, 59, 83, 97, 86, 100, 85, 35, 84, 100, 64, 98, 57, 96, 75, 100, 78, 92, 37, 98, 64, 65, 75, 90, 97, 98, 65, 81, 97, 79, 49, 68, 100, 56, 81, 38, 74, 13, 90, 99, 52, 87, 70, 50, 71, 71, 32, 96, 75, 97, 70, 57, 83, 73, 58, 68, 51, 95, 100, 70, 59, 64, 97, 100, 98, 100, 91, 94, 84, 95, 97, 79, 99, 90, 99, 80, 96, 98, 92, 84, 85, 79, 64, 83, 75, 86, 55, 99, 87, 23, 69, 70, 30, 81, 93, 85, 62, 100, 100, 85, 44, 71, 62, 97, 90, 99, 68, 77, 99, 100, 82, 92, 99, 98, 71, 80, 87, 93, 93, 59, 93, 95, 85, 84, 74, 81, 66, 97, 61, 87, 56, 90, 72, 96, 61, 79, 85];
JobSize=[3, 20, 20, 10, 10, 19, 19, 5, 1, 6, 13, 20, 2, 15, 8, 3, 16, 9, 1, 7, 8, 12, 18, 8, 4, 10, 13, 16, 16, 9, 6, 12, 12, 6, 11, 17, 18, 19, 1, 2, 5, 17, 11, 9, 14, 3, 5, 2, 3, 10, 13, 13, 8, 9, 6, 12, 11, 17, 4, 10, 11, 6, 13, 15, 8, 13, 9, 17, 5, 3, 14, 14, 14, 14, 8, 20, 2, 12, 19, 2, 14, 14, 4, 19, 17, 12, 9, 17, 6, 14, 20, 11, 18, 6, 3, 12, 1, 1, 10, 10, 14, 17, 19, 3, 4, 3, 13, 20, 8, 10, 2, 10, 3, 17, 11, 4, 18, 18, 14, 19, 7, 7, 3, 15, 15, 10, 13, 9, 2, 18, 8, 9, 10, 16, 5, 20, 15, 6, 4, 16, 4, 3, 18, 20, 18, 14, 14, 2, 17, 16, 14, 9, 18, 20, 1, 1, 15, 4, 9, 10, 7, 14, 3, 19, 17, 5, 3, 19, 17, 7, 17, 11, 17, 3, 9, 5, 1, 16, 7, 13, 16, 18, 19, 11, 14, 13, 15, 20, 9, 11, 13, 10, 19, 12, 7, 3, 10, 12, 7, 3, 15, 18, 2, 6, 18, 11, 11, 14, 11, 20, 8, 18, 20, 17, 18, 12, 2, 18, 17, 19, 3, 4, 6, 9, 8, 19, 15, 9, 7, 16, 5, 20, 16, 11, 20, 9, 9, 15, 14, 4, 20, 19, 6, 9, 19, 5, 17, 14, 8, 16];
Attribute=[1, 1, 2, 1, 2, 2, 2, 2, 2, 1, 1, 2, 1, 2, 1, 2, 1, 2, 2, 2, 1, 2, 1, 2, 1, 1, 2, 2, 2, 1, 1, 2, 1, 1, 2, 1, 1, 2, 1, 1, 2, 2, 2, 2, 2, 2, 1, 1, 1, 2, 2, 2, 1, 1, 1, 2, 2, 1, 2, 2, 1, 2, 2, 2, 1, 1, 2, 1, 2, 1, 2, 1, 2, 1, 1, 1, 2, 2, 1, 1, 1, 2, 2, 2, 1, 2, 1, 1, 1, 1, 2, 1, 1, 2, 2, 2, 2, 1, 1, 1, 2, 2, 2, 2, 1, 2, 2, 2, 1, 2, 1, 1, 1, 2, 2, 2, 1, 2, 1, 2, 2, 1, 2, 2, 2, 1, 1, 1, 2, 2, 1, 1, 2, 1, 2, 2, 1, 2, 1, 2, 1, 1, 2, 2, 1, 2, 1, 1, 1, 1, 1, 1, 2, 1, 1, 2, 2, 1, 2, 2, 2, 2, 1, 2, 1, 1, 2, 2, 1, 1, 2, 1, 1, 2, 2, 1, 1, 1, 2, 2, 1, 2, 2, 2, 2, 1, 1, 2, 1, 2, 1, 1, 2, 2, 1, 1, 1, 1, 2, 1, 1, 2, 1, 1, 1, 1, 1, 1, 1, 2, 1, 1, 1, 2, 2, 1, 2, 2, 2, 2, 1, 2, 2, 2, 1, 1, 1, 1, 2, 2, 1, 1, 2, 1, 2, 1, 1, 1, 2, 1, 1, 2, 1, 2, 2, 2, 2, 2, 2, 1];

upper_bound_integer_objective=8820000;
mult_factor_total_runtime=24;
mult_factor_finished_toolate=33600;
mult_factor_total_setuptimes=0;
mult_factor_total_setupcosts=21;
running_time_bound=13860;
min_duration=1;
max_duration=100;
max_setup_time=12;
max_setup_cost=16;
