LengthSchedulingHorizon=62935;
nAttributes=5;
SetupCosts=[[0, 0, 0, 0, 0], [3, 3, 3, 3, 3], [3, 3, 3, 3, 3], [3, 3, 3, 3, 3], [3, 3, 3, 3, 3], [3, 3, 3, 3, 3]];
SetupTimes=[[0, 0, 0, 0, 0], [24, 24, 24, 24, 24], [24, 24, 24, 24, 24], [24, 24, 24, 24, 24], [24, 24, 24, 24, 24], [24, 24, 24, 24, 24]];
nMachines=2;
MinCap=[0, 0];
MaxCap=[33, 75];

initState=[3, 5];
nShifts=3;
ShiftStartTimes = [[37797, 41198, 46169], [0, 39403, 57016]];
ShiftEndTimes = [[39274, 46142, 52348], [0, 48725, 60917]];
nJobs=200;
EligibleMachines = [{1, 2}, {2}, {2}, {1}, {1}, {2}, {1}, {2}, {2}, {2}, {1}, {2}, {2}, {2}, {2}, {1}, {2}, {1}, {2}, {1}, {2}, {1, 2}, {1, 2}, {2}, {1}, {1}, {2}, {1}, {1, 2}, {2}, {1, 2}, {2}, {1}, {2}, {1}, {1}, {2}, {2}, {2}, {1}, {2}, {2}, {1}, {1, 2}, {1}, {2}, {1, 2}, {2}, {1, 2}, {1}, {2}, {1}, {2}, {1, 2}, {2}, {1}, {1}, {1}, {1}, {1}, {1}, {1}, {2}, {2}, {1}, {1}, {2}, {1}, {1}, {1}, {2}, {1}, {1}, {1}, {1}, {2}, {2}, {1}, {1}, {1}, {1, 2}, {1, 2}, {2}, {2}, {2}, {1}, {2}, {2}, {1, 2}, {1}, {2}, {1, 2}, {2}, {1}, {2}, {1}, {1, 2}, {1}, {2}, {1, 2}, {2}, {1}, {1}, {2}, {2}, {1}, {1}, {1}, {2}, {2}, {2}, {2}, {1, 2}, {1}, {1}, {2}, {1}, {1, 2}, {1, 2}, {1, 2}, {1}, {2}, {2}, {1, 2}, {1}, {1}, {2}, {2}, {2}, {2}, {1, 2}, {1}, {1}, {1}, {2}, {1}, {2}, {2}, {1}, {1, 2}, {2}, {2}, {2}, {2}, {1}, {2}, {1}, {2}, {1}, {2}, {2}, {1}, {2}, {2}, {2}, {1}, {1}, {1}, {1, 2}, {1}, {1}, {1}, {1}, {1}, {2}, {2}, {1, 2}, {1}, {2}, {1}, {1, 2}, {2}, {1}, {1}, {1}, {1, 2}, {1, 2}, {1}, {2}, {1}, {1}, {1, 2}, {2}, {1}, {2}, {1, 2}, {2}, {2}, {1}, {2}, {1}, {1, 2}, {2}, {1, 2}, {2}, {2}, {2}, {1, 2}, {2}, {2}];
EarliestStart=[2239, 2804, 3762, 3951, 2105, 1539, 2392, 3963, 568, 3807, 1385, 425, 4025, 1178, 1795, 3667, 3999, 3170, 1447, 1931, 4063, 4518, 3586, 2796, 4119, 2500, 3960, 458, 1482, 4172, 4636, 1815, 2391, 4576, 2289, 1534, 2168, 1688, 1653, 2542, 600, 1012, 3556, 2051, 3071, 1782, 1664, 3710, 1599, 1723, 911, 356, 3615, 1986, 2044, 2583, 4079, 965, 4694, 4466, 2440, 1933, 2481, 1258, 4032, 4432, 2896, 4311, 3750, 260, 1499, 2311, 1516, 3766, 1331, 3050, 961, 1535, 4586, 2337, 836, 249, 3721, 4621, 3261, 4279, 3061, 405, 2531, 4568, 2317, 1202, 1855, 2048, 102, 3528, 3393, 2297, 2880, 3501, 3747, 2215, 4822, 1339, 224, 3461, 3701, 4711, 654, 3855, 1621, 2543, 1240, 2357, 3630, 2190, 3074, 2721, 2859, 4615, 1370, 2490, 1779, 4044, 2804, 296, 455, 4330, 3663, 2664, 4519, 3526, 3517, 1085, 3451, 3483, 289, 2381, 4397, 4661, 577, 3211, 4612, 3538, 2946, 4635, 4823, 4360, 3279, 2773, 454, 671, 4300, 3127, 2131, 1256, 435, 777, 3396, 4789, 3006, 4233, 1048, 2852, 4198, 2957, 3888, 155, 3767, 147, 1901, 692, 3186, 3060, 4037, 3020, 2740, 3103, 1098, 3030, 335, 956, 1050, 889, 2210, 3847, 4088, 389, 3816, 2194, 3047, 4374, 3846, 4470, 1654, 1206, 2163, 1759, 4202, 4851];
LatestEnd=[2346, 2875, 3953, 4023, 2117, 1631, 2411, 4003, 693, 3880, 1467, 484, 4125, 1333, 1803, 3746, 4115, 3199, 1533, 2027, 4167, 4633, 3682, 2832, 4200, 2523, 4028, 550, 1585, 4290, 4761, 1944, 2413, 4585, 2369, 1613, 2205, 1703, 1744, 2640, 682, 1029, 3616, 2153, 3150, 1882, 1667, 3723, 1750, 1737, 987, 396, 3803, 1991, 2183, 2612, 4090, 997, 4804, 4576, 2472, 1983, 2528, 1263, 4115, 4571, 2897, 4411, 3941, 366, 1545, 2317, 1539, 3839, 1418, 3169, 1062, 1580, 4732, 2339, 843, 281, 3862, 4700, 3279, 4334, 3117, 458, 2562, 4675, 2329, 1281, 1889, 2150, 113, 3609, 3525, 2367, 2888, 3673, 3909, 2229, 4854, 1383, 353, 3581, 3784, 4737, 690, 3912, 1682, 2642, 1252, 2410, 3754, 2197, 3167, 2769, 2950, 4736, 1460, 2574, 1884, 4089, 2849, 342, 485, 4455, 3701, 2666, 4567, 3575, 3536, 1244, 3537, 3542, 388, 2403, 4532, 4816, 621, 3280, 4716, 3600, 3069, 4731, 4875, 4540, 3283, 2884, 504, 736, 4415, 3172, 2148, 1271, 515, 801, 3579, 4853, 3113, 4250, 1065, 2933, 4338, 3123, 4026, 223, 3800, 268, 2057, 722, 3200, 3116, 4049, 3044, 2769, 3160, 1154, 3058, 495, 1011, 1052, 982, 2309, 3939, 4172, 550, 3896, 2233, 3166, 4392, 3989, 4475, 1679, 1265, 2164, 1775, 4303, 5006];
MinTime=[96, 57, 99, 70, 10, 53, 11, 26, 99, 43, 67, 33, 51, 91, 8, 62, 67, 15, 65, 93, 94, 72, 78, 23, 48, 14, 35, 60, 53, 90, 70, 84, 12, 5, 45, 45, 24, 10, 52, 87, 80, 17, 59, 94, 58, 67, 3, 10, 98, 10, 39, 24, 95, 3, 77, 21, 7, 18, 90, 80, 31, 37, 40, 4, 55, 89, 1, 71, 100, 75, 33, 6, 23, 66, 78, 98, 54, 23, 93, 2, 5, 18, 85, 42, 11, 47, 41, 44, 19, 80, 7, 50, 25, 66, 10, 59, 74, 46, 6, 100, 84, 12, 17, 42, 91, 97, 43, 16, 26, 31, 36, 64, 9, 42, 85, 4, 52, 32, 70, 74, 67, 77, 59, 35, 37, 33, 21, 85, 29, 2, 42, 39, 11, 89, 55, 55, 53, 12, 98, 96, 35, 53, 55, 47, 74, 85, 38, 100, 4, 85, 30, 34, 68, 26, 12, 12, 61, 15, 100, 50, 83, 12, 17, 49, 90, 91, 84, 62, 20, 96, 100, 18, 12, 52, 12, 14, 23, 47, 39, 18, 98, 43, 2, 78, 50, 69, 80, 87, 42, 20, 90, 16, 84, 3, 21, 46, 1, 11, 73, 81];
MaxTime=[100, 74, 100, 98, 76, 87, 64, 32, 99, 44, 74, 76, 51, 97, 74, 73, 72, 31, 98, 99, 99, 78, 87, 75, 68, 36, 91, 89, 97, 100, 71, 90, 33, 95, 48, 48, 73, 88, 57, 88, 84, 74, 73, 99, 76, 91, 96, 89, 98, 58, 56, 55, 95, 72, 94, 54, 83, 56, 91, 95, 47, 38, 83, 30, 65, 91, 33, 86, 100, 88, 48, 86, 42, 73, 92, 100, 69, 34, 94, 23, 77, 63, 85, 85, 71, 55, 58, 48, 61, 83, 83, 96, 30, 89, 60, 91, 88, 77, 54, 100, 99, 21, 86, 55, 92, 98, 92, 36, 45, 85, 84, 84, 72, 94, 98, 69, 80, 41, 82, 85, 81, 99, 66, 93, 50, 86, 39, 86, 69, 49, 72, 41, 37, 99, 55, 94, 95, 95, 100, 100, 70, 83, 66, 62, 80, 87, 54, 100, 74, 89, 65, 57, 83, 49, 93, 66, 65, 90, 100, 93, 93, 39, 51, 63, 100, 93, 95, 94, 34, 96, 100, 85, 33, 65, 22, 38, 99, 84, 40, 39, 100, 50, 87, 99, 65, 95, 88, 96, 59, 95, 92, 81, 94, 86, 94, 55, 70, 11, 74, 86];
JobSize=[4, 5, 1, 1, 2, 2, 2, 1, 5, 1, 4, 2, 2, 4, 4, 3, 2, 5, 2, 2, 1, 1, 1, 2, 3, 4, 2, 4, 5, 1, 3, 4, 5, 2, 4, 3, 4, 3, 2, 3, 2, 5, 2, 1, 2, 1, 1, 2, 5, 5, 3, 1, 1, 2, 3, 3, 4, 3, 2, 1, 2, 5, 5, 5, 5, 2, 1, 1, 2, 4, 2, 5, 5, 5, 3, 3, 1, 3, 5, 5, 4, 2, 2, 2, 5, 3, 1, 4, 2, 2, 5, 4, 5, 3, 4, 4, 2, 1, 5, 3, 1, 1, 4, 1, 2, 5, 4, 3, 4, 3, 3, 2, 4, 3, 4, 4, 1, 1, 1, 2, 2, 1, 5, 3, 1, 2, 5, 4, 1, 3, 4, 1, 4, 1, 5, 2, 3, 1, 3, 4, 1, 4, 1, 5, 2, 4, 1, 5, 2, 5, 4, 5, 5, 1, 2, 5, 1, 2, 4, 4, 2, 5, 3, 4, 3, 2, 5, 3, 4, 3, 3, 4, 1, 4, 2, 4, 1, 1, 4, 4, 3, 2, 3, 2, 3, 3, 2, 5, 4, 5, 3, 3, 5, 4, 3, 2, 5, 1, 1, 1];
Attribute=[3, 3, 4, 4, 2, 2, 1, 3, 5, 3, 4, 4, 4, 1, 3, 4, 5, 2, 4, 2, 2, 3, 1, 4, 4, 3, 3, 2, 1, 1, 3, 4, 3, 3, 4, 3, 4, 5, 3, 1, 2, 4, 1, 5, 4, 4, 2, 3, 5, 3, 4, 4, 3, 5, 3, 2, 4, 4, 4, 5, 3, 2, 1, 4, 3, 1, 2, 2, 3, 2, 3, 1, 1, 4, 4, 1, 4, 1, 2, 3, 1, 2, 1, 1, 1, 4, 4, 5, 3, 2, 4, 5, 5, 5, 2, 4, 5, 1, 3, 5, 1, 2, 1, 2, 3, 4, 4, 4, 2, 3, 3, 5, 3, 3, 5, 3, 5, 2, 2, 5, 5, 4, 1, 5, 2, 2, 2, 5, 3, 5, 4, 3, 2, 4, 3, 4, 1, 5, 1, 4, 2, 4, 4, 2, 2, 5, 3, 5, 1, 4, 5, 2, 2, 5, 1, 5, 2, 3, 1, 2, 2, 4, 5, 4, 5, 5, 4, 4, 3, 3, 4, 3, 1, 5, 5, 4, 2, 5, 3, 3, 2, 5, 1, 4, 2, 2, 1, 1, 5, 2, 3, 1, 5, 2, 5, 2, 1, 5, 2, 5];

upper_bound_integer_objective=24696000;
mult_factor_total_runtime=96;
mult_factor_finished_toolate=117600;
mult_factor_total_setuptimes=0;
mult_factor_total_setupcosts=392;
running_time_bound=9721;
min_duration=1;
max_duration=100;
max_setup_time=24;
max_setup_cost=3;
