LengthSchedulingHorizon=15995;
nAttributes=2;
SetupCosts=[[0, 0], [5, 5], [22, 7]];
SetupTimes=[[0, 0], [25, 22], [17, 11]];
nMachines=5;
MinCap=[0, 0, 0, 0, 0];
MaxCap=[20, 20, 20, 20, 20];

initState=[1, 2, 2, 1, 2];
nShifts=5;
ShiftStartTimes = [[0, 0, 0, 0, 7174], [0, 2856, 5470, 13246, 14994], [0, 0, 0, 0, 11929], [0, 0, 0, 6361, 13777], [4026, 8910, 10419, 13956, 14777]];
ShiftEndTimes = [[0, 0, 0, 0, 9502], [0, 4553, 10389, 14219, 15586], [0, 0, 0, 0, 13209], [0, 0, 0, 12578, 15444], [8141, 9609, 12992, 14703, 15965]];
nJobs=50;
EligibleMachines = [{1, 3, 4}, {2, 3, 4, 5}, {3}, {1, 3}, {1, 2, 3}, {3}, {1, 4}, {1, 3}, {3, 4}, {4}, {2}, {5}, {1, 4}, {1, 5}, {1, 2, 3}, {1, 4}, {2}, {5}, {5}, {4}, {3, 5}, {1, 5}, {1, 3, 4}, {2, 5}, {2}, {1, 2}, {4}, {1, 5}, {4, 5}, {4}, {3}, {2, 4}, {5}, {3, 4}, {1, 2, 3}, {3}, {3, 5}, {3}, {2, 3, 4}, {1, 3}, {1, 4}, {2, 5}, {1, 2, 4}, {2}, {2}, {3}, {3, 5}, {4, 5}, {5}, {1}];
EarliestStart=[452, 932, 910, 456, 196, 739, 197, 405, 634, 1024, 12, 1020, 23, 58, 473, 923, 756, 14, 721, 10, 702, 962, 973, 1059, 836, 862, 1215, 324, 750, 966, 1196, 274, 1087, 21, 566, 329, 26, 408, 1076, 723, 147, 854, 884, 650, 1012, 205, 46, 612, 804, 64];
LatestEnd=[561, 976, 950, 475, 217, 786, 310, 442, 811, 1143, 93, 1173, 63, 91, 659, 1020, 928, 153, 849, 97, 824, 1067, 1049, 1207, 842, 889, 1350, 329, 813, 1092, 1275, 280, 1121, 24, 702, 452, 63, 448, 1082, 817, 154, 970, 912, 654, 1065, 206, 140, 754, 845, 159];
MinTime=[68, 28, 38, 10, 13, 39, 57, 29, 98, 75, 48, 94, 23, 22, 97, 76, 99, 89, 97, 47, 76, 60, 48, 93, 6, 15, 76, 4, 61, 89, 52, 6, 30, 3, 71, 77, 31, 23, 4, 89, 4, 71, 20, 3, 37, 1, 55, 81, 23, 89];
MaxTime=[85, 35, 84, 11, 16, 39, 82, 81, 100, 100, 81, 96, 97, 82, 98, 95, 99, 96, 98, 64, 82, 66, 69, 96, 93, 55, 94, 8, 97, 94, 67, 80, 72, 19, 91, 89, 60, 38, 78, 98, 78, 72, 42, 26, 90, 6, 57, 89, 86, 99];
JobSize=[18, 3, 6, 16, 9, 1, 9, 4, 12, 20, 16, 18, 5, 9, 7, 4, 20, 15, 15, 11, 3, 2, 13, 2, 7, 10, 13, 13, 19, 14, 2, 12, 6, 6, 18, 11, 8, 13, 12, 8, 17, 17, 9, 6, 17, 14, 10, 20, 16, 18];
Attribute=[2, 2, 1, 1, 2, 2, 2, 2, 2, 1, 1, 2, 2, 1, 1, 1, 2, 2, 2, 1, 1, 1, 2, 2, 1, 1, 1, 1, 1, 1, 1, 1, 1, 1, 2, 2, 2, 1, 2, 1, 1, 2, 2, 1, 2, 2, 1, 1, 2, 2];

upper_bound_integer_objective=6737500;
mult_factor_total_runtime=1100;
mult_factor_finished_toolate=53900;
mult_factor_total_setuptimes=0;
mult_factor_total_setupcosts=1225;
running_time_bound=2445;
min_duration=1;
max_duration=99;
max_setup_time=25;
max_setup_cost=22;
